iter_10x10_GSIteration = [...
 0.008523590542113484
0.0005503177899722983
3.809944267410347e-05
2.783024270512011e-06
3.476890211742031e-07
6.765531153502595e-08
2.115397468683552e-08
8.532948496801795e-09
3.847057980749911e-09
1.840200977346363e-09
9.167367225040455e-10
4.711951154597206e-10
2.48096874587661e-10
1.330757270596338e-10
7.240403793546369e-11
3.983409593310356e-11
2.211070928660999e-11
1.236369649265976e-11
6.958179294843801e-12
3.939740767209791e-12
2.244264966468062e-12
1.286716362538348e-12
7.430048761085469e-13
4.325126132395149e-13
2.540788069126907e-13
1.50796773922903e-13
9.052002297389054e-14
5.500975135991792e-14
3.386775961820104e-14
2.113277378445662e-14
1.336484341379731e-14
8.563735045405015e-15
5.556035780989935e-15
3.646402317177335e-15
2.41812384949566e-15
1.618388620343572e-15
1.091808345267789e-15
7.415800922785019e-16
5.065760520517522e-16
3.476817211527849e-16
2.39551270155908e-16
1.655679204510739e-16
1.147219021909671e-16
7.964985945293667e-17
5.538695759309032e-17
3.856227864284798e-17
2.68737137719852e-17
1.874144907216575e-17
1.307703152569854e-17
9.12812522451326e-18
6.373371145476004e-18
4.450730092575277e-18
3.108389207076073e-18
2.170981192774239e-18
1.516258236827825e-18
1.058939186946947e-18
7.394987043047916e-19
5.163723697761096e-19
3.605293709485833e-19
2.516894897944583e-19
1.756840959442156e-19
1.226139980236359e-19
8.556302642219296e-20
5.96993591507778e-20
4.164762300630672e-20
2.905011071543868e-20
2.026015679585667e-20
1.412784512091449e-20
9.850268304227192e-21
6.8668929474683e-21
4.786453338794784e-21
3.335876739656592e-21
2.324610331835037e-21
1.619704505349282e-21
1.128413558087513e-21
7.860483468887303e-22
5.474948379716646e-22
3.812959565813387e-22
2.655200506040207e-22
1.848786133754604e-22
1.287158121911865e-22
8.960541215382498e-23
6.237278480954529e-23
4.341262405762371e-23
3.021327548659374e-23
2.102531154915909e-23
1.463023319694942e-23
1.017946022205668e-23
7.082139177656563e-24
4.926869635242498e-24
3.42726490952218e-24
2.383932791361377e-24
1.658092905598783e-24
1.153178314144529e-24
8.019693211567631e-25
5.57688799515407e-25
3.877958746514385e-25
2.696413516791098e-25
1.874766041641904e-25
1.303421925835074e-25].^0.5;

iter_10x10_GSIteration_err = [0.01180248808547449  0.3455001097436125 
0.002903697832880922  0.08620137960501549  
0.0008930889980329348   0.02519406656059953
0.0003663812435622486   0.01032474552743912
0.000206402197465594 0.005789322967469706 
0.0001375409379947924  0.003869295799526845
9.873469441904839e-05  0.002792532535964149
7.441966103731708e-05  0.002113995537928973
5.789878306213792e-05  0.001660257996559657
4.628061503203115e-05   0.00135443315969357
3.808265270072838e-05  0.001151271314499497
3.243752368639697e-05  0.001023633617653882
2.849705656615741e-05 0.0009402735415112322
2.572011165690217e-05 0.0008843047566029313
2.373061212683095e-05 0.0008472641947198516
2.231978192039285e-05 0.0008221785340442325
2.133917247718886e-05 0.0008050196391792202
2.062551999118862e-05 0.0007930784442068047
2.011349626243239e-05 0.0007846434648335448
 1.97370915740196e-05 0.0007787401950846079
1.945785127536723e-05 0.0007744751721367393
1.925241688373026e-05  0.000771346068999288
1.909996506714946e-05 0.0007690263200438814
1.898845005518103e-05 0.0007672951355864901
1.890492766381359e-05  0.000766005431708777
 1.88428108366538e-05 0.0007650438962016282
1.879630090764856e-05 0.0007643256582008925
1.876151649495654e-05 0.0007637982043936205
1.873547682203256e-05 0.0007634044090051611
1.871609807620098e-05 0.0007631102632363638
1.870193920667087e-05 0.0007628903722108943
1.869139748835125e-05  0.000762725232239789
1.868344740183463e-05 0.0007626011535739018
1.867744414183912e-05  0.000762507886105412
1.867290519906268e-05 0.0007624377508241915
 1.86694690583461e-05 0.0007623849916216634
1.866687711899496e-05 0.0007623452913016024
1.866498938855938e-05  0.000762315410019929
1.866358531800345e-05 0.0007622929150454257
1.866252494962351e-05 0.0007622759786666184
1.866172373464675e-05 0.0007622632269751622
 1.86611180663696e-05 0.0007622536266503237
1.866068286597964e-05 0.0007622464001434204
1.866038073231848e-05 0.0007622409620978578
 1.86601557188789e-05 0.0007622368716579202
1.865998843842946e-05 0.0007622337966728042
1.865986434715503e-05 0.0007622314868116863
1.865977253541959e-05 0.0007622297533592588
1.865970482136443e-05 0.0007622284540218915
1.865965507105906e-05 0.0007622274814956096
1.865961868829804e-05  0.000762226754859152
1.865959223156679e-05 0.0007622262131624115
1.865957312630659e-05 0.0007622258503750394
1.865955944875948e-05  0.000762225584752015
1.865954976351646e-05 0.0007622254243004904
1.865954300141361e-05 0.0007622253154657161
1.865953836777571e-05 0.0007622252415451204
1.865953527344887e-05 0.0007622251928023442
1.865953328298913e-05 0.0007622251620494388
1.865953207575103e-05 0.0007622251440010269
1.865953141666856e-05 0.0007622251347892913
1.865953113435369e-05 0.0007622251316003431
1.865953110467107e-05 0.0007622251324017616
1.865953123844648e-05 0.0007622251357386309
1.865953147228096e-05 0.0007622251405812183
1.865953176169508e-05 0.0007622251462112913
 1.86595320760244e-05 0.0007622251521376494
1.865953239461431e-05 0.0007622251580332096
 1.86595327040313e-05 0.0007622251636887626
1.865953299597177e-05  0.000762225168978534
 1.86595332657445e-05 0.0007622251738352536
 1.86595335111604e-05 0.0007622251782317309
1.865953373172045e-05 0.0007622251821676074
1.865953392802824e-05 0.0007622251856598229
1.865953410137598e-05 0.0007622251887357879
1.865953425345667e-05 0.0007622251914287101
1.865953438614957e-05 0.0007622251937742218
1.865953450139156e-05 0.0007622251958082466
1.865953460108075e-05 0.0007622251975655308
1.865953468702118e-05 0.0007622251990788097
1.865953476088567e-05 0.0007622252003782554
1.865953482420801e-05 0.0007622252014912955
1.865953487836579e-05  0.000762225202442568
1.865953492458915e-05 0.0007622252032539965
1.865953496396884e-05 0.0007622252039449047
1.865953499746207e-05 0.0007622252045322647
1.865953502590956e-05 0.0007622252050309088
1.865953505003972e-05 0.0007622252054536914
1.865953507047993e-05 0.0007622252058117144
1.865953508777715e-05 0.0007622252061145868
1.865953510239873e-05   0.00076222520637058
1.865953511475052e-05 0.0007622252065867497
1.865953512517398e-05 0.0007622252067691165
1.865953513396398e-05 0.0007622252069228846
1.865953514136968e-05 0.0007622252070524255
1.865953514760679e-05  0.000762225207161497
1.865953515285656e-05 0.0007622252072532527
1.865953515727157e-05 0.0007622252073304773
1.8659535160983e-05 0.0007622252073953545
1.865953516410178e-05 0.0007622252074498607];

iter_10x10_GS_GMRES_5 = [...
9.3582135944779943e-01
2.3954902298179703e-03
1.9468740098026164e-04
2.3240464441133499e-05
2.7786640450988912e-06
3.2407707832009186e-07
3.5146187401399503e-08
2.9003526324699648e-09
2.0593527285389591e-10
1.2870677512112381e-11
8.7552066230994088e-13];

iter_10x10_GS_GMRES_10 = [...
    9.3582135944779943e-01
 1.7788324851923440e-04
7.5274320842042061e-07
4.5001501143706754e-09
2.4349233072766298e-11
1.4998186764681715e-13];


iter_10x10_GS_GMRES_2 = [...
 9.3582135944779943e-01
4.2104281338086337e-02
6.2361991238481483e-03
1.8185257204861129e-03
7.9920383458833275e-04
3.8988403664731350e-04
2.0081488668158057e-04
1.0928113491308958e-04
5.9458520866810843e-05
3.3132533359000141e-05
1.8172184209770154e-05
9.4147700153376877e-06
4.9005195154559600e-06
1.5662551346396766e-06
6.2357026297855129e-07
1.0644656699105473e-07
2.3437333101461981e-08
7.6502351460894577e-09
2.9428867787680312e-09
1.3301162893981810e-09
6.9583732119628897e-10
2.9816771352353764e-10
1.5218665828794988e-10
4.4325882421266482e-11
1.7165419240850366e-11
3.5664497937142140e-12];


