% for 80 x 80

iter_10x10_GSIteration = [...
0.01103407074351658
0.002918569234585988
0.0007290239072756256
0.0001138118183113923
3.000021612712215e-05
6.835950063026909e-06
2.30074179584139e-06
1.102028359685524e-06
7.061781859283066e-07
4.984972153658494e-07
3.688914393317408e-07
2.814763885482149e-07
2.193148602484689e-07
1.734968522199479e-07
1.387981434753438e-07
1.119820099630983e-07
9.093595454914421e-08
7.42230220240119e-08
6.082964755973441e-08
5.00194220568945e-08
4.12441739597871e-08
3.408778032706075e-08
2.822931926557737e-08
2.341810626199617e-08
1.945628127036549e-08
1.618635012976107e-08
1.348207299830074e-08
1.12416746920656e-08
9.382704251774274e-09
7.838090563831311e-09
6.553081262398808e-09
5.482844258171003e-09
4.59057313525561e-09
3.845980177840116e-09
3.224090599550153e-09
2.704272839485423e-09
2.26945525216834e-09
1.905490918293377e-09
1.600640820805085e-09
1.345152070154447e-09
1.130912783076252e-09
9.511690127706169e-10
8.002920789903778e-10
6.735869560099896e-10
5.671341982750688e-10
4.776593259430786e-10
4.024247438992132e-10
3.391401871435982e-10
2.858884260349646e-10
2.410635614153716e-10
2.033197218351363e-10
1.715283683594333e-10
1.447427297856565e-10
1.221681528183493e-10
1.031373634361716e-10
8.708981086121484e-11
7.355440809398666e-11
6.213510099278587e-11
5.249879503380884e-11
4.436524840729234e-11
3.749860657305489e-11
3.170030787089176e-11
2.680313540427271e-11
2.266622719366728e-11
1.917088873836688e-11
1.621707715407673e-11
1.372044813413556e-11
1.16098744766474e-11
9.82536033895025e-12
8.316287266483302e-12
7.039938780589602e-12
5.960258903258776e-12
5.046807227636062e-12
4.273878970160385e-12
3.619764012614732e-12
3.066122560195541e-12
2.597459017315267e-12
2.200678559813716e-12
1.864713268317216e-12
1.580206772540389e-12
1.339248253483073e-12
1.135148088548129e-12
9.622484138778064e-13
8.157632741983644e-13
6.916436811391256e-13
5.864636244539602e-13
4.973238365707546e-13
4.217704263615302e-13
3.577262684195464e-13
3.034328286356833e-13
2.574011964491147e-13
2.183705503048787e-13
1.852731156681847e-13
1.572044179086316e-13
1.333983707562277e-13
1.132058992534633e-13
9.607704255424922e-14
8.154580612708812e-14
6.921730390178063e-14
5.875674084937993e-14];

iter_10x10_GSIteration_err = [0.008131567710619122    1.843599620354305    1.843599620354305    179.8249654839664
0.001852670340769499   0.4281732770715347   0.4281732770715324    113.4452802902893
0.0003929412202837514   0.09105159741756311    0.0910515974175625     102.4901273745611
9.928980148103916e-05   0.02316163741790719   0.02316163741790671     100.6941805341006
2.988277768023962e-05  0.006631546485408942   0.00663154648540856      99.9587533756489
1.405221377562388e-05  0.002924958252512096  0.002924958252511765     99.90095763792885
9.062176136155339e-06  0.001948237560448645  0.001948237560448701     99.95090903285664
6.983309865319506e-06  0.001599210710851486  0.001599210710851883     99.97907395765228
5.741771716443574e-06   0.00137896350443679  0.001378963504437152     99.99270064485226
 4.8505319702833e-06 0.001218843389930136 0.001218843389930595    100.0003546064312
4.181860200215753e-06   0.00109837454829429  0.001098374548294773     100.0049047349325
3.669188173026256e-06  0.001006720121167178  0.001006720121167597     100.0075516091092
3.272167543001581e-06 0.0009380008466735987 0.0009380008466739299     100.0090067575763
2.961944916376616e-06 0.0008867281273538852 0.0008867281273541799     100.0097323007809
2.720388610176278e-06 0.0008490041740811996 0.0008490041740814764     100.0100239810219
2.530647368185884e-06 0.0008213127954614065 0.0008213127954616032     100.0100660655087
 2.38000048546491e-06 0.0008002064221536725 0.0008002064221538822     100.0099713593122
2.262122564570439e-06 0.0007839204148031081 0.0007839204148033149     100.0098080838133
2.169459017619639e-06 0.0007711606207215323 0.0007711606207217061      100.009616856068
2.096020182891781e-06 0.0007611053837720177 0.0007611053837722013      100.009421236833
2.037212005994736e-06 0.0007531909705484956 0.0007531909705486249     100.0092342921972
1.990282557246493e-06 0.0007470863616351691 0.0007470863616353111     100.0090626823019
 1.95270643349007e-06  0.000742296465191903 0.0007422964651920092     100.0089092114765
 1.92233026565422e-06  0.000738462631722193 0.0007384626317223516     100.0087744181791
1.897997450528963e-06 0.0007354279216038554 0.0007354279216040014     100.0086575637398
1.878573313298625e-06 0.0007329993877484443 0.0007329993877485641     100.0085572432936
 1.86315370825559e-06 0.0007310625156728746 0.0007310625156729582     100.0084717585414
1.851040710579804e-06 0.0007295101174573193 0.0007295101174574109     100.0083993401847
1.841507040040365e-06 0.0007282569007752386 0.0007282569007753109     100.0083382756462
1.834109368320916e-06 0.0007272703198235188 0.0007272703198235709     100.0082869774704
 1.82824983467002e-06 0.0007265000182353277 0.0007265000182353673     100.0082440150045
1.823568693323158e-06 0.0007258853330268801 0.0007258853330269575      100.008208123828
1.819884002159966e-06 0.0007253945163059077 0.0007253945163059738     100.0081782021512
1.816910826667118e-06 0.0007250047643327837 0.0007250047643328661     100.0081533000568
1.814498272836568e-06 0.0007246973718395675 0.0007246973718396399     100.0081326052452
 1.81253098647393e-06  0.000724447781882076 0.0007244477818821451     100.0081154275543
1.810926841353143e-06 0.0007242429126421378 0.0007242429126422185     100.0081011836049
1.809643415545277e-06 0.0007240750041000218 0.0007240750041000905     100.0080893823229
1.808628226776289e-06 0.0007239365797339532 0.0007239365797340298     100.0080796117381
1.807803193807363e-06 0.0007238219547883144 0.0007238219547883874     100.0080715272067
1.807131280579123e-06 0.0007237270731180835 0.0007237270731181562     100.0080648410788
1.806584401039102e-06 0.0007236486271341361 0.0007236486271342186     100.0080593137346
1.806139883657796e-06 0.0007235837286963619 0.0007235837286964424     100.0080547458908
1.805777850897046e-06 0.0007235301192837283 0.0007235301192838131     100.0080509720326
1.805481286250381e-06 0.0007234857116586694 0.0007234857116587664     100.0080478548484
1.805237393985404e-06 0.0007234489137042396 0.0007234489137043301     100.0080452805346
1.805036210897473e-06 0.0007234184097550702 0.0007234184097551516     100.0080431548476
1.804869696462099e-06 0.0007233931768350523 0.0007233931768351495     100.0080413997908
1.804731838214446e-06 0.0007233723107711407 0.0007233723107712351     100.0080399508566
1.804617792716245e-06 0.0007233550176245134 0.0007233550176246022     100.0080387547118
1.804523342390873e-06 0.0007233406753667423 0.0007233406753668334     100.0080377672857
1.804445088921255e-06 0.0007233287793407321 0.0007233287793408201     100.0080369521681
1.804380243828181e-06 0.0007233189114463191 0.0007233189114464025     100.0080362792888
1.804326509873259e-06 0.0007233107252378361 0.0007233107252379194      100.008035723819
1.804281976142851e-06  0.000723303933600295 0.0007233039336003844     100.0080352652585
1.804245068111626e-06 0.0007232982985549286 0.0007232982985550223     100.0080348866862
1.804214480937093e-06 0.0007232936228239923 0.0007232936228240877     100.0080345741353
 1.80418912743311e-06 0.0007232897428494924 0.0007232897428495831     100.0080343160784
1.804168111318227e-06 0.0007232865230139105 0.0007232865230140016     100.0080341030014
1.804150691444109e-06 0.0007232838508550032 0.0007232838508550865     100.0080339270534
1.804136253772404e-06 0.0007232816331027681 0.0007232816331028554     100.0080337817559
1.804124284928147e-06 0.0007232797923968589  0.000723279792396947     100.0080336617598
1.804114362478225e-06 0.0007232782645670533 0.0007232782645671383     100.0080335626528
1.804106136333754e-06 0.0007232769963798646 0.0007232769963799496     100.0080334807927
1.804099316348477e-06 0.0007232759436710669 0.0007232759436711558     100.0080334131729
